1.307e+02 3.823e+02
3.942e+02 5.271e+02
3.534e+02 4.275e+02
3.695e+02 4.749e+02
3.758e+02 1.595e+02
4.897e+02 2.116e+02
2.303e+02 4.859e+02
1.994e+02 4.403e+02
1.795e+02 4.700e+02
1.587e+02 3.925e+02
5.103e+02 4.511e+02
4.774e+02 3.571e+02
3.190e+02 4.354e+02
5.073e+02 3.655e+02
1.836e+02 3.935e+02
3.399e+02 3.428e+02
3.771e+02 5.494e+02
2.868e+02 3.640e+02
4.139e+02 5.953e+02
4.165e+02 3.999e+02
5.309e+02 7.721e+02
8.269e+02 7.259e+02
6.802e+02 5.490e+02
6.568e+02 4.275e+02
5.788e+02 6.105e+02
6.522e+02 6.151e+02
4.627e+02 9.053e+02
5.159e+02 4.983e+02
5.912e+02 7.008e+02
6.233e+02 8.498e+02
4.853e+02 4.923e+02
6.542e+02 9.285e+02
4.803e+02 6.128e+02
4.683e+02 8.437e+02
6.234e+02 6.118e+02
4.333e+02 5.724e+02
7.972e+02 5.311e+02
7.977e+02 7.658e+02
3.807e+02 6.450e+02
4.374e+02 8.818e+02
4.780e+02 3.550e+02
4.681e+02 5.602e+02
2.839e+02 6.117e+02
4.066e+02 5.399e+02
4.251e+02 2.623e+02
1.948e+02 4.120e+02
1.656e+02 5.637e+02
3.707e+02 6.239e+02
5.867e+02 5.146e+02
4.817e+02 5.530e+02
2.350e+02 6.454e+02
3.829e+02 2.377e+02
1.547e+02 6.328e+02
2.910e+02 3.093e+02
4.056e+02 6.477e+02
2.078e+02 6.207e+02
3.317e+02 5.129e+02
3.361e+02 7.250e+02
5.394e+02 4.797e+02
5.319e+02 6.866e+02
1.375e+02 5.826e+02
3.222e+02 8.645e+02
3.475e+02 6.171e+02
3.015e+02 5.589e+02
6.320e+02 5.555e+02
6.054e+02 7.729e+02
5.202e+02 7.098e+02
1.357e+02 5.269e+02
3.434e+02 5.085e+02
5.330e+02 6.356e+02
3.975e+02 4.899e+02
4.460e+02 3.652e+02
1.385e+02 6.888e+02
3.461e+02 5.319e+02
2.055e+02 7.599e+02
4.515e+02 5.023e+02
3.400e+02 6.858e+02
3.268e+02 8.126e+02
4.910e+02 6.260e+02
3.628e+02 5.744e+02
9.889e+02 7.482e+02
2.804e+02 7.893e+02
1.032e+02 4.479e+02
9.086e+02 2.936e+02
2.878e+02 1.300e+02
1.937e+01 6.788e+02
2.116e+02 2.655e+02
4.916e+02 5.336e+01
5.741e+02 1.467e+02
5.893e+02 6.998e+02
1.023e+02 4.141e+02
6.944e+02 4.142e+02
4.995e+01 5.359e+02
6.638e+02 5.149e+02
9.446e+02 5.866e+02
9.034e+02 1.375e+02
1.393e+02 8.074e+02
3.977e+02 1.654e+02
9.275e+02 3.478e+02
7.508e+02 7.260e+02
