4.733e+02 8.080e+02
9.514e+02 6.631e+02
7.460e+02 4.110e+01
6.817e+02 7.619e+02
1.328e+02 1.758e+02
9.137e+02 5.227e+02
9.081e+02 6.303e+02
8.247e+02 3.499e+01
4.062e+02 5.271e+02
9.619e+02 2.787e+02
4.845e+02 4.155e+02
8.700e+02 1.264e+02
1.690e+02 4.810e+02
8.309e+02 8.310e+00
4.135e+01 3.113e+02
6.104e+02 4.345e+02
6.670e+01 1.989e+01
8.581e+02 8.541e+02
2.688e+02 4.388e+02
5.151e+02 4.121e+02
5.773e+01 4.359e+02
6.243e+02 4.700e+02
3.414e+02 2.521e+02
1.072e+01 7.856e+02
2.088e+01 6.875e+02
4.526e+02 1.809e+02
3.649e+02 4.991e+02
5.925e+02 5.494e+02
7.911e+02 7.397e+02
6.801e+02 9.582e+02
5.369e+02 8.832e+02
9.073e+02 8.919e+02
6.390e+02 1.920e+01
7.622e+02 1.829e+02
7.025e+02 5.364e+02
5.232e+02 9.852e+02
7.312e+02 8.403e+02
8.534e+02 1.876e+02
7.090e+01 8.974e+02
9.580e+02 3.219e+01
3.275e+02 3.892e+02
4.011e+02 4.278e+02
5.260e+02 6.615e+01
3.617e+02 6.948e+02
7.312e+02 6.120e+02
2.542e+02 3.515e+02
3.975e+02 3.628e+02
4.840e+02 2.615e+02
5.696e+02 4.223e+01
6.374e+02 7.155e+02
6.874e+02 8.362e+02
5.838e+02 4.885e+02
1.124e+02 9.806e+02
7.982e+01 9.798e+02
9.303e+02 5.172e+02
3.717e+02 8.664e+02
1.931e+01 1.069e+02
1.769e+02 9.098e+02
4.790e+02 9.170e+02
7.621e+02 2.865e+02
1.655e+02 1.778e+02
6.512e+02 8.268e+02
8.852e+02 4.559e+02
6.990e+02 7.314e+02
5.985e+02 8.008e+02
5.621e+02 5.100e+02
1.502e+02 7.196e+02
2.895e+02 2.664e+02
3.535e+02 6.810e+02
1.151e+02 7.440e+02
1.801e+01 8.223e+02
8.024e+01 2.215e+02
6.121e+02 5.723e+02
2.508e+02 7.785e+02
6.083e+02 4.274e+02
8.836e+02 2.241e+00
9.862e+02 4.378e+02
9.254e+02 1.721e+02
7.034e+02 1.857e+02
1.686e+02 4.240e+01
5.745e+02 6.348e+01
8.013e+02 8.671e+02
9.351e+02 4.912e+02
3.267e+02 1.577e+02
1.557e+02 8.101e+02
2.755e+02 4.726e+02
6.982e+02 5.505e+01
8.818e+02 8.794e+02
2.569e+02 8.180e+01
5.122e+01 2.831e+01
1.184e+02 9.791e+02
9.579e+02 1.049e+02
2.099e+02 9.563e+02
3.026e+02 2.018e+02
6.105e+02 3.309e+02
6.791e+02 8.568e+02
9.945e+02 9.087e+02
4.533e+01 4.400e+02
2.526e+01 1.470e+01
1.687e+02 5.923e+02
