7.993e+01 3.710e+02
1.952e+02 3.507e+02
2.025e+02 1.992e+02
2.209e+02 1.159e+02
-2.841e+01 1.589e+02
2.500e+01 2.787e+02
3.499e+02 2.020e+02
2.056e+02 2.307e+02
5.408e+01 2.523e+02
4.252e+02 2.438e+02
4.620e+02 2.698e+02
1.578e+01 3.704e+02
3.429e+02 1.239e+02
1.524e+02 -6.487e+01
2.355e+02 1.991e+02
1.817e+02 4.858e+01
3.555e+02 1.596e+02
8.097e+01 1.838e+02
1.911e+01 1.330e+02
2.319e+02 2.748e+02
9.793e+02 5.831e+02
9.076e+02 6.120e+02
7.694e+02 6.772e+02
5.799e+02 9.172e+02
7.095e+02 6.346e+02
8.958e+02 8.588e+02
9.242e+02 6.202e+02
7.974e+02 7.984e+02
7.879e+02 5.343e+02
6.541e+02 8.871e+02
9.781e+02 8.564e+02
7.470e+02 6.968e+02
8.664e+02 7.732e+02
8.009e+02 7.953e+02
7.906e+02 8.074e+02
7.942e+02 7.989e+02
8.753e+02 1.050e+03
5.699e+02 6.474e+02
7.708e+02 7.467e+02
8.013e+02 7.999e+02
5.018e+01 7.619e+02
2.230e+02 1.005e+03
2.075e+02 7.977e+02
1.570e+02 8.113e+02
3.259e+02 8.392e+02
4.610e+02 8.094e+02
2.695e+02 6.535e+02
1.868e+02 5.797e+02
2.456e+01 7.793e+02
1.687e+02 8.157e+02
2.636e+01 9.849e+02
2.124e+02 8.380e+02
1.973e+02 8.003e+02
2.465e+02 7.326e+02
1.843e+02 7.846e+02
1.380e+02 8.167e+02
1.655e+02 5.325e+02
3.591e+02 8.934e+02
2.618e+02 6.032e+02
2.688e+02 6.448e+02
7.238e+02 3.172e+02
8.857e+02 2.494e+02
5.250e+02 1.748e+02
8.004e+02 3.460e+02
9.580e+02 3.576e+02
7.194e+02 1.624e+02
9.916e+02 2.333e+02
8.272e+02 1.233e+01
6.840e+02 2.340e+02
9.003e+02 1.833e+02
1.006e+03 2.199e+01
7.828e+02 1.582e+02
6.193e+02 3.316e+02
8.015e+02 2.056e+02
8.247e+02 1.449e+02
5.279e+02 1.693e+02
8.393e+02 3.982e+02
8.546e+02 3.863e+02
7.022e+02 1.718e+02
6.422e+02 2.244e+02
4.170e+02 7.203e+02
1.144e-01 3.023e+02
1.468e+02 9.234e+01
1.863e+02 3.456e+02
3.968e+02 5.388e+02
4.192e+02 6.852e+02
2.045e+02 8.781e+02
2.739e+01 6.705e+02
4.173e+02 5.587e+02
1.404e+02 1.981e+02
8.007e+02 9.683e+02
3.134e+02 6.923e+02
8.764e+02 8.946e+02
8.504e+01 3.905e+01
1.698e+02 8.781e+02
9.835e+01 4.211e+02
9.579e+02 5.332e+02
6.919e+02 3.155e+02
6.865e+02 8.346e+02
1.829e+01 7.501e+02
