1.364e+02 2.120e+02
3.675e+02 2.780e+02
1.752e+02 2.015e+02
1.124e+02 2.972e+01
7.619e+01 3.323e+01
2.047e+02 2.075e+02
2.022e+02 7.261e+01
1.013e+02 4.272e+02
1.510e+02 2.063e+02
2.197e+02 1.870e+02
2.316e+02 2.750e+02
2.466e+02 1.520e+02
2.031e+02 -1.166e+00
7.175e+01 9.918e+01
7.203e+01 1.171e+02
5.141e+01 3.665e+02
2.017e+02 1.975e+02
1.959e+02 9.243e+01
3.548e+02 2.559e+02
-3.443e+00 3.605e+02
7.637e+02 7.473e+02
8.014e+02 7.997e+02
5.851e+02 8.278e+02
8.300e+02 7.455e+02
9.389e+02 9.650e+02
6.112e+02 9.996e+02
8.778e+02 8.633e+02
9.609e+02 6.810e+02
5.814e+02 9.474e+02
8.328e+02 6.991e+02
8.933e+02 6.354e+02
1.028e+03 7.578e+02
7.988e+02 8.282e+02
7.675e+02 7.955e+02
6.956e+02 7.843e+02
6.703e+02 8.813e+02
8.603e+02 7.961e+02
7.978e+02 8.125e+02
9.805e+02 9.533e+02
9.329e+02 1.006e+03
1.793e+02 8.686e+02
2.946e+02 8.084e+02
4.301e+02 6.474e+02
2.707e+02 9.391e+02
1.740e+02 5.818e+02
1.530e+02 9.252e+02
2.227e+02 7.587e+02
2.566e+02 7.392e+02
3.051e+02 7.625e+02
2.977e+02 8.029e+02
2.628e+02 6.259e+02
2.138e+02 7.531e+02
5.544e+02 7.328e+02
2.931e+02 8.007e+02
4.807e+02 1.002e+03
2.517e+02 7.417e+02
2.376e+02 8.366e+02
3.574e+02 7.922e+02
3.063e+02 6.774e+02
3.103e+02 5.774e+02
9.183e+02 4.870e+02
9.193e+02 1.633e+02
9.650e+02 3.076e+02
9.922e+02 1.635e+02
8.257e+02 2.593e+02
6.279e+02 1.622e+02
8.450e+02 2.289e+02
7.713e+02 2.914e+02
7.985e+02 2.650e+02
7.049e+02 1.193e+02
8.772e+02 1.572e+02
7.690e+02 3.109e+02
5.578e+02 2.957e+02
5.371e+02 3.882e+02
9.639e+02 1.492e+02
5.446e+02 4.063e+02
8.079e+02 3.025e+02
9.526e+02 2.451e+02
7.220e+02 2.497e+02
7.952e+02 5.056e+02
4.212e+02 8.301e+02
4.816e+02 5.755e+01
1.452e+02 3.578e+02
1.685e+02 7.307e+02
5.873e+01 8.951e+02
5.336e+02 3.428e+02
7.293e+02 6.782e+02
5.320e+02 1.612e+02
5.708e+02 3.718e+02
2.169e+02 1.799e+02
4.756e+02 5.838e+02
7.542e+02 7.615e+02
6.394e+02 4.415e+02
6.770e+02 6.339e+02
4.960e+02 6.091e+01
1.795e+02 1.524e+02
8.515e+02 8.191e+02
2.535e+01 2.133e+02
1.044e+02 1.858e+02
4.332e+02 3.004e+02
