1.429e+02 3.412e+02
2.165e+02 1.855e+02
-2.894e+01 2.830e+02
1.611e+02 2.311e+02
1.737e+02 2.135e+02
2.426e+01 2.601e+02
2.649e+02 7.693e+01
3.659e+02 3.623e+02
2.834e+01 1.719e+02
1.215e+02 3.006e+02
1.800e+02 -1.489e+01
3.710e+02 2.521e+02
2.010e+02 2.007e+02
2.153e+02 1.893e+02
2.545e+01 3.220e+02
1.874e+01 3.470e+02
3.062e+02 -3.244e+00
3.559e+02 1.651e+02
3.721e+01 3.793e+02
2.337e+02 9.482e+01
6.558e+02 1.023e+03
7.747e+02 6.549e+02
7.488e+02 9.856e+02
6.552e+02 5.585e+02
8.976e+02 9.016e+02
7.891e+02 7.790e+02
6.150e+02 7.848e+02
8.523e+02 8.354e+02
5.854e+02 6.638e+02
8.713e+02 7.867e+02
6.687e+02 6.573e+02
7.990e+02 7.694e+02
7.554e+02 6.285e+02
9.387e+02 9.150e+02
8.663e+02 8.552e+02
9.034e+02 5.456e+02
9.436e+02 8.721e+02
8.035e+02 7.920e+02
6.790e+02 7.803e+02
9.756e+02 6.439e+02
4.441e+02 8.337e+02
9.493e+01 5.793e+02
2.845e+02 7.940e+02
1.201e+02 1.045e+03
1.198e+02 8.444e+02
2.487e+02 6.953e+02
2.774e+02 9.082e+02
1.395e+02 7.616e+02
2.628e+02 1.049e+03
1.716e+02 7.315e+02
1.934e+02 5.271e+02
8.443e+00 8.627e+02
4.639e+02 8.057e+02
2.063e+02 7.984e+02
1.762e+02 9.790e+02
1.968e+02 7.145e+02
1.234e+02 8.141e+02
-1.859e+01 8.914e+02
3.503e+02 8.745e+02
2.000e+02 8.027e+02
8.378e+02 1.310e+02
7.324e+02 1.244e+02
6.871e+02 2.575e+02
7.796e+02 2.425e+02
5.778e+02 2.497e+02
8.473e+02 1.058e+02
9.348e+02 9.706e+01
8.089e+02 3.383e+02
8.121e+02 -5.825e+01
9.526e+02 7.396e+01
7.795e+02 2.652e+02
7.843e+02 1.713e+02
9.122e+02 4.255e+02
6.586e+02 4.369e+02
8.468e+02 1.861e+02
5.508e+02 2.395e+02
8.697e+02 1.721e+02
9.657e+02 4.183e+02
9.142e+02 9.799e+01
8.967e+02 -6.220e+01
4.068e+02 1.223e+02
9.596e+02 3.603e+02
7.817e+02 6.891e+02
4.289e+01 9.114e+02
4.364e+02 8.737e+02
3.576e+02 7.224e+02
5.749e+02 6.775e+02
4.252e+02 1.763e+02
3.114e+02 3.162e+02
9.765e+02 5.585e+02
3.767e+02 9.721e+02
1.864e+02 9.766e+02
4.350e+02 6.960e+02
4.354e+01 5.992e+02
2.269e+02 4.802e+02
1.095e+02 6.531e+02
2.849e+02 5.129e+02
5.019e+02 7.369e+02
8.351e+02 9.532e+02
9.037e+02 9.873e+02
