2.927e+02 2.980e+02
4.628e+02 2.353e+02
2.292e+02 2.209e+02
1.900e+02 5.472e+02
2.396e+02 4.675e+02
4.566e+02 1.720e+02
3.193e+02 4.004e+02
4.388e+02 4.505e+02
1.555e+02 3.334e+02
9.906e+01 2.276e+02
1.810e+02 2.168e+02
4.755e+02 4.622e+02
3.758e+02 3.392e+02
1.821e+02 3.534e+02
3.126e+02 3.700e+02
2.918e+02 3.756e+02
2.049e+02 4.540e+02
3.048e+02 3.819e+02
3.222e+02 3.785e+02
3.676e+02 5.891e+02
7.109e+02 6.387e+02
5.971e+02 6.970e+02
6.784e+02 7.204e+02
3.805e+02 7.559e+02
6.730e+02 7.114e+02
6.403e+02 4.871e+02
6.871e+02 7.545e+02
5.525e+02 4.538e+02
8.306e+02 5.651e+02
6.915e+02 7.251e+02
3.829e+02 8.093e+02
6.959e+02 7.406e+02
5.988e+02 6.626e+02
4.739e+02 6.028e+02
6.817e+02 7.427e+02
6.148e+02 7.285e+02
6.201e+02 8.792e+02
6.617e+02 6.760e+02
5.929e+02 7.029e+02
6.940e+02 8.654e+02
1.853e+02 5.335e+02
3.595e+02 6.555e+02
6.545e+02 5.115e+02
2.732e+02 3.732e+02
5.161e+02 5.106e+02
6.315e+02 6.640e+02
3.556e+02 5.141e+02
5.022e+02 4.756e+02
4.721e+02 4.696e+02
5.144e+02 7.114e+02
3.275e+02 5.447e+02
3.745e+02 3.491e+02
5.704e+02 5.171e+02
3.516e+02 5.395e+02
5.913e+02 4.412e+02
4.141e+02 5.286e+02
3.852e+02 5.009e+02
2.735e+02 3.388e+02
4.098e+02 5.733e+02
2.973e+02 4.242e+02
4.523e+02 8.278e+02
3.207e+02 3.891e+02
3.037e+02 5.639e+02
3.738e+02 6.385e+02
4.800e+02 6.773e+02
5.239e+02 4.936e+02
5.727e+02 7.065e+02
6.585e+02 5.944e+02
3.319e+02 6.660e+02
3.863e+02 7.231e+02
5.173e+02 6.076e+02
4.431e+02 5.674e+02
5.539e+02 6.394e+02
1.826e+02 7.354e+02
3.036e+02 6.395e+02
4.228e+02 5.889e+02
2.923e+02 5.884e+02
2.843e+02 4.054e+02
4.604e+02 5.244e+02
4.103e+02 5.928e+02
3.671e+02 2.443e+02
3.620e+02 3.235e+02
1.125e+02 4.625e+01
8.646e+02 6.648e+02
4.693e+02 8.867e+02
1.362e+02 1.490e+02
4.393e+02 5.544e+02
2.408e+02 2.876e+02
7.078e+02 7.381e+01
6.433e+01 5.828e+02
6.589e+02 8.940e+02
5.403e+02 2.154e+02
7.044e+02 4.915e+02
5.875e+02 6.316e+02
8.618e+02 6.806e+02
7.020e+02 5.671e+02
9.445e+02 9.833e+02
4.734e+02 4.178e+02
6.944e+01 6.817e+02
1.873e+02 5.948e+02
