2.161e+02 -1.835e+01
3.359e+02 4.107e+01
2.462e+02 1.803e+02
9.582e+01 5.752e-01
3.317e+02 -2.647e+01
3.653e+02 4.065e+02
1.051e+02 1.757e+02
2.202e+02 1.912e+01
2.029e+02 3.175e+01
-3.006e+01 2.749e+02
1.739e+02 3.420e+02
2.916e+02 1.125e+02
4.139e+02 2.638e+02
1.369e+02 3.264e+02
2.041e+02 1.986e+02
3.089e+02 2.893e+01
2.200e+02 2.186e+00
1.858e+02 3.109e+02
1.783e+02 -2.124e+01
1.603e+02 5.897e+01
8.695e+02 5.237e+02
8.185e+02 1.038e+03
8.584e+02 7.081e+02
9.756e+02 1.010e+03
8.720e+02 8.490e+02
7.151e+02 8.671e+02
7.672e+02 7.600e+02
6.828e+02 6.556e+02
7.408e+02 7.717e+02
8.300e+02 7.557e+02
8.307e+02 6.296e+02
1.050e+03 8.967e+02
7.065e+02 7.796e+02
8.974e+02 5.460e+02
7.347e+02 8.023e+02
8.473e+02 9.084e+02
8.156e+02 8.690e+02
8.311e+02 7.613e+02
7.710e+02 8.379e+02
8.471e+02 7.983e+02
2.426e+02 5.770e+02
1.883e+02 1.011e+03
4.144e+01 8.094e+02
2.998e+02 8.003e+02
3.206e+02 8.047e+02
3.076e+02 5.995e+02
3.037e+02 8.037e+02
2.946e+02 7.994e+02
3.356e+02 9.129e+02
1.123e+02 9.042e+02
3.137e+02 7.100e+02
9.167e+01 8.518e+02
4.048e+02 5.973e+02
6.938e+01 6.805e+02
3.660e+02 8.907e+02
3.032e+02 8.670e+02
3.965e+02 7.109e+02
2.087e+02 7.223e+02
3.912e+02 9.006e+02
2.761e+02 7.636e+02
9.384e+02 2.157e+02
9.913e+02 2.725e+02
6.589e+02 3.468e+02
8.894e+02 2.702e+02
9.848e+02 1.168e+02
8.997e+02 1.911e+02
8.345e+02 4.409e+02
9.194e+02 4.845e+02
8.641e+02 1.675e+02
7.151e+02 4.910e+01
1.030e+03 3.474e+02
9.632e+02 1.507e+02
8.850e+02 5.771e+01
9.989e+02 1.793e+02
8.796e+02 2.714e+02
1.070e+03 2.315e+02
5.844e+02 2.595e+02
9.537e+02 5.082e+02
9.353e+02 4.228e+02
7.953e+02 2.813e+02
5.931e+02 9.845e+02
7.266e+02 1.872e+01
5.979e+02 5.768e+02
8.259e+02 3.749e+02
1.691e+02 4.810e+02
4.351e+02 6.635e+02
6.341e+02 5.014e+02
8.598e+02 3.520e+02
2.981e+02 1.935e+02
2.903e+02 4.250e+02
2.181e+02 7.387e+02
7.734e+02 2.520e+02
6.361e+02 6.906e+02
2.174e+02 2.406e+02
1.084e+02 4.207e+02
7.067e+02 7.179e+02
7.917e+02 9.840e+01
6.208e+02 2.154e+01
7.565e+02 7.872e+02
2.489e+02 4.416e+02